0 0
1 1
100125 2
10017767 3
100616 4
101267 5
10128787 6
101450 7
10168299 8
10186573 9
10202903 10
10204314 11
102324 12
102432 13
10244347 14
10315284 15
10317299 16
103513 17
103526 18
103681 19
103713 20
104024 21
104041 22
10410118 23
10417324 24
10424708 25
10435352 26
10456476 27
10460088 28
10461333 29
105011 30
10530485 31
105719 32
10585352 33
10615518 34
106280 35
10630448 36
10676357 37
10676676 38
107352 39
10741342 40
107618 41
108076 42
108166 43
10831060 44
108363 45
10852535 46
109290 47
10962250 48
11036558 49
110407 50
11131140 51
111671 52
11179343 53
112260 54
112543 55
112812 56
112877 57
113209 58
113388 59
11378997 60
113925 61
115111 62
115552 63
116017 64
116329 65
11634827 66
116468 67
116622 68
116686 69
116726 70
117057 71
117170 72
117305 73
117844 74
11792209 75
118434 76
119561 77
120127 78
121165 79
122188 80
122277 81
122314 82
122387 83
123291 84
123934 85
124050 86
124070 87
124162 88
124250 89
124492 90
124540 91
12478947 92
12481042 93
124981 94
125267 95
126119 96
126274 97
126376 98
12709480 99
127341 100
12789455 101
128144 102
128830 103
1294120 104
1294386 105
1295128 106
1295780 107
129617 108
129769 109
129805 110
1298164 111
1298436 112
1298926 113
1300319 114
1300955 115
1301149 116
1302032 117
1302149 118
1302414 119
1302678 120
1302749 121
1302833 122
1302990 123
130319 124
1303570 125
1304511 126
1304628 127
1304938 128
1305022 129
1305305 130
1305796 131
1306816 132
1306909 133
1306938 134
1307637 135
1307674 136
1308134 137
1308325 138
1308468 139
1308807 140
1308915 141
1308993 142
1309012 143
1309015 144
1309475 145
1309549 146
1310330 147
1310471 148
1311414 149
1311599 150
1311630 151
1312012 152
1312247 153
1312255 154
1312356 155
1313115 156
1314618 157
1314726 158
1315017 159
1315573 160
1315602 161
1315631 162
1315646 163
131604 164
1316343 165
131669 166
1317213 167
1317760 168
1317768 169
1318906 170
1319629 171
1320644 172
1321073 173
1321912 174
1323220 175
1323815 176
1323820 177
1324395 178
1324539 179
1324563 180
1325281 181
1325292 182
1326031 183
1326944 184
1327104 185
1327117 186
1327779 187
1328865 188
1329581 189
1330136 190
1330494 191
1332461 192
1333435 193
1333717 194
1333885 195
1334482 196
1335549 197
133655 198
1336640 199
1337822 200
1338561 201
1338637 202
133950 203
1339591 204
1339745 205
1340141 206
134039 207
1340828 208
1342008 209
1342771 210
134293 211
1343308 212
1344135 213
1344214 214
134426 215
1344812 216
1345121 217
134523 218
1345274 219
1345765 220
1345805 221
1346100 222
1346840 223
1347094 224
1347724 225
1348186 226
1348209 227
1348289 228
1348293 229
1348433 230
1348562 231
134867 232
1348838 233
1348893 234
1349408 235
1349889 236
1350655 237
1351085 238
1351979 239
1352204 240
1352377 241
135243 242
1353000 243
1353486 244
1354262 245
1354494 246
1357754 247
1358691 248
1359193 249
1361601 250
1361661 251
1361934 252
1362232 253
136272 254
1362753 255
1363607 256
1363664 257
1364404 258
1364527 259
1364694 260
1365842 261
1366502 262
1366532 263
1366952 264
136758 265
1368011 266
136814 267
1368772 268
136912 269
1369351 270
1370549 271
1371410 272
1371481 273
1371676 274
137207 275
137249 276
137345 277
137354 278
1373830 279
1374874 280
1374875 281
1375621 282
1376090 283
137661 284
137762 285
1377937 286
137919 287
138012 288
1380213 289
1380532 290
1381801 291
1383129 292
1383209 293
1383584 294
1383799 295
1384254 296
138589 297
1387523 298
1387631 299
138785 300
1387971 301
1389035 302
1389262 303
1389487 304
1389573 305
139005 306
1390486 307
1391641 308
1391997 309
1392 310
1392343 311
1392908 312
1393766 313
139467 314
1394710 315
1395186 316
1395426 317
1395502 318
1396031 319
1396093 320
1396769 321
1396912 322
1397527 323
1398315 324
1398321 325
1399103 326
1399573 327
1399651 328
139992 329
1400136 330
1400250 331
140170 332
1402230 333
1402311 334
1402680 335
1402694 336
1402884 337
1403050 338
1403610 339
1404668 340
1404954 341
1404984 342
1405367 343
1406512 344
1406520 345
1407991 346
1408106 347
1408150 348
1408164 349
1409817 350
1409966 351
1410247 352
1410485 353
1410498 354
141080 355
1411573 356
1411763 357
141183 358
1412763 359
1412992 360
1413069 361
1413584 362
1413762 363
1414063 364
1414119 365
1414589 366
1414928 367
141532 368
1415718 369
1416428 370
1418182 371
1419509 372
1419634 373
1419645 374
1420286 375
1420299 376
1421514 377
1421939 378
1422215 379
1422321 380
1422495 381
1422798 382
142315 383
1423192 384
1423274 385
142378 386
1423971 387
1426661 388
1427448 389
1429629 390
1430145 391
1431842 392
1432083 393
1432508 394
1433052 395
1433594 396
1435469 397
1435957 398
1436128 399
1436478 400
1436581 401
1436662 402
1437037 403
143708 404
1437472 405
1437677 406
1437944 407
1440242 408
1440262 409
1441159 410
1441160 411
1441207 412
1443060 413
1443603 414
1444642 415
1445135 416
1446370 417
1448037 418
144836 419
144845 420
1448622 421
1448865 422
1449498 423
1450169 424
1450714 425
1450785 426
145238 427
1453082 428
1453480 429
1453960 430
1454304 431
1454596 432
1454942 433
1455125 434
145525 435
1455973 436
1456778 437
1456794 438
1456843 439
1456863 440
1457279 441
145751 442
1458324 443
1458821 444
1459457 445
1459900 446
1461680 447
1462279 448
1462500 449
1463288 450
1463336 451
146504 452
1465291 453
1465409 454
1465588 455
146569 456
1466287 457
1466398 458
1466594 459
1467114 460
1468130 461
1468614 462
1468887 463
1469323 464
1469484 465
1469694 466
1469978 467
1470770 468
1471289 469
1472343 470
1474058 471
1474404 472
1474410 473
1475958 474
1476083 475
1476385 476
147669 477
1477186 478
1477856 479
1477915 480
1477973 481
1478742 482
147902 483
1479242 484
1480059 485
1480664 486
1482257 487
1483147 488
1484107 489
1484489 490
1484557 491
1484797 492
1485054 493
148744 494
1487916 495
1487990 496
1488655 497
1488960 498
1489374 499
1490307 500
1490501 501
1490783 502
1491054 503
1491638 504
1492203 505
1493346 506
1493414 507
1493421 508
1493464 509
1493531 510
1493539 511
1493557 512
1494078 513
149454 514
1494576 515
1494900 516
1495516 517
1495938 518
1496146 519
1496147 520
1496809 521
1496900 522
1497521 523
1498263 524
1498285 525
1499484 526
1499596 527
1499754 528
1499783 529
1500693 530
1501112 531
1501649 532
1501771 533
1502450 534
150555 535
150685 536
15088 537
151020 538
151130 539
151226 540
152298 541
152395 542
15265 543
153148 544
153183 545
153583 546
153658 547
153718 548
154236 549
154296 550
154560 551
155005 552
155386 553
155402 554
156148 555
156170 556
156424 557
156506 558
156830 559
157181 560
157253 561
157335 562
157448 563
157574 564
157637 565
158030 566
158330 567
158442 568
158751 569
158774 570
158784 571
159530 572
159536 573
160745 574
160949 575
16099 576
161020 577
161255 578
161302 579
161387 580
161560 581
162270 582
162448 583
162686 584
162978 585
16320 586
163316 587
163342 588
163386 589
163394 590
163420 591
163517 592
163646 593
163708 594
164270 595
164453 596
164819 597
165844 598
166872 599
167248 600
167284 601
167327 602
167382 603
167461 604
167578 605
167819 606
167914 607
167994 608
168558 609
168616 610
168940 611
169231 612
169236 613
169268 614
169372 615
169621 616
169785 617
169838 618
169881 619
170003 620
170326 621
170382 622
170535 623
170953 624
171005 625
171162 626
171321 627
171689 628
171859 629
171867 630
171998 631
172408 632
172953 633
173118 634
173230 635
173303 636
173310 637
17338 638
173663 639
173849 640
173913 641
173973 642
174070 643
174088 644
174175 645
174220 646
174289 647
174470 648
174894 649
174902 650
174909 651
175041 652
175288 653
175595 654
175676 655
175872 656
176060 657
176206 658
176251 659
176407 660
176431 661
176437 662
176562 663
176567 664
176678 665
177022 666
177106 667
177134 668
177190 669
177366 670
177435 671
177701 672
177837 673
177898 674
178363 675
178865 676
179359 677
179372 678
179414 679
179428 680
179544 681
179613 682
1798 683
180108 684
180252 685
1804421 686
1804768 687
1804864 688
1805825 689
1806622 690
1807543 691
1807595 692
180871 693
1809215 694
181027 695
181054 696
1810842 697
1810889 698
1810951 699
1810955 700
1811159 701
1811186 702
1811908 703
1812873 704
1813127 705
181333 706
1814852 707
1815008 708
1815374 709
1815398 710
1815609 711
1815714 712
1815782 713
1815840 714
1816196 715
181624 716
181656 717
1816693 718
1817102 719
1817169 720
1817518 721
1817625 722
1817763 723
1819882 724
1820555 725
182117 726
1821492 727
1823636 728
182406 729
1824106 730
182422 731
1824515 732
182515 733
182516 734
1825520 735
182563 736
1825678 737
182572 738
1827158 739
182716 740
1827593 741
1827608 742
182780 743
182851 744
1830374 745
1830423 746
1830511 747
1830691 748
183093 749
1832781 750
1834222 751
1835199 752
1835915 753
1835926 754
1835992 755
1836604 756
183665 757
1836781 758
1836816 759
1836825 760
1837630 761
1837851 762
1837873 763
183825 764
183830 765
1838688 766
1840029 767
1840342 768
1842395 769
1843157 770
1843220 771
1843544 772
184417 773
1844194 774
184436 775
184484 776
1844975 777
1845568 778
1846073 779
1846183 780
1846400 781
1846401 782
184706 783
1848181 784
1849050 785
1849940 786
1850329 787
185054 788
1851041 789
1851063 790
185115 791
1851724 792
185211 793
1852470 794
1852715 795
1853117 796
1853245 797
1853279 798
185369 799
1854416 800
1854645 801
1854810 802
1854816 803
185494 804
1855271 805
1855529 806
1855853 807
1855860 808
1856530 809
1856612 810
1856946 811
1857438 812
1857564 813
185822 814
1859092 815
1859683 816
1859787 817
1860063 818
1860151 819
1861310 820
1861494 821
1862031 822
186231 823
1862456 824
186252 825
1864533 826
1864834 827
1864962 828
1865547 829
1867029 830
1867115 831
1867265 832
1867592 833
186812 834
1868475 835
186849 836
1868798 837
1869595 838
1870547 839
1872541 840
1872748 841
1873055 842
187331 843
1873363 844
1873891 845
1873922 846
187471 847
1875374 848
1875481 849
1875532 850
1875927 851
187614 852
1877284 853
1877716 854
187789 855
1878116 856
1878365 857
1879042 858
187913 859
1879462 860
1879827 861
188036 862
188068 863
1881805 864
1883235 865
1883582 866
1883587 867
1883795 868
1883992 869
1884090 870
1884537 871
188481 872
1885293 873
188560 874
1885876 875
1886163 876
1886249 877
1886576 878
1887394 879
188764 880
1888118 881
1888884 882
188919 883
1889823 884
1890570 885
1890581 886
1890680 887
1891475 888
1891621 889
1892102 890
1892174 891
1892603 892
1892845 893
1893213 894
1893366 895
1893380 896
1893423 897
1893815 898
1894137 899
1896131 900
1896490 901
189687 902
189726 903
1897545 904
1898133 905
1898614 906
1899063 907
1899880 908
1900039 909
1900456 910
1900839 911
1900992 912
1901945 913
1903103 914
1903208 915
1903718 916
1904368 917
1904408 918
1904500 919
1906184 920
1907007 921
190721 922
190730 923
1907361 924
1909001 925
1910283 926
191051 927
1910956 928
1911383 929
1912406 930
1912598 931
1913483 932
1913808 933
1915046 934
1915295 935
191544 936
1915800 937
1916111 938
1916194 939
1916350 940
1916701 941
191676 942
1916851 943
1917117 944
1917213 945
1917528 946
1917732 947
1919585 948
191974 949
1920588 950
1920972 951
1921416 952
1921851 953
1921880 954
1922538 955
1924041 956
1924818 957
1924883 958
192516 959
1925664 960
1926002 961
1926693 962
1926811 963
192687 964
1929040 965
1930226 966
1930417 967
1930714 968
1930767 969
1931018 970
193191 971
193274 972
193281 973
1933110 974
1934131 975
19344 976
1934587 977
1935009 978
1935216 979
1935437 980
1935767 981
193742 982
1937433 983
1937447 984
1937492 985
1937527 986
1937569 987
1937787 988
1937800 989
1937802 990
1937815 991
1937821 992
1937822 993
1937839 994
1937849 995
1937881 996
1937896 997
1937935 998
1937960 999
1937975 1000
1937995 1001
1937996 1002
1938006 1003
1938011 1004
1938067 1005
193814 1006
1938260 1007
1938272 1008
1938345 1009
1938371 1010
1938418 1011
193868 1012
1939442 1013
1940280 1014
1940752 1015
1941272 1016
1941987 1017
194226 1018
194369 1019
1943994 1020
1944741 1021
1945088 1022
1946716 1023
1947589 1024
194960 1025
1950152 1026
1951481 1027
1951529 1028
1951619 1029
1951959 1030
1953860 1031
1954304 1032
195448 1033
1954907 1034
1956158 1035
1956364 1036
1956516 1037
1956806 1038
1956828 1039
1956911 1040
1956941 1041
1956958 1042
1956980 1043
1957002 1044
1957063 1045
1957190 1046
1957236 1047
1957267 1048
1957333 1049
1957343 1050
1957996 1051
1958079 1052
1959209 1053
195983 1054
1959861 1055
195994 1056
196025 1057
196053 1058
1961022 1059
1961072 1060
1961199 1061
1961266 1062
1961300 1063
1961335 1064
1961429 1065
1961441 1066
1961493 1067
1961525 1068
1961570 1069
1961597 1070
1961636 1071
1961676 1072
1961693 1073
1961707 1074
1961738 1075
1961751 1076
1961768 1077
1962296 1078
1962309 1079
1962321 1080
1962527 1081
1962550 1082
1962560 1083
1962585 1084
1962590 1085
1962599 1086
1962606 1087
1962629 1088
1962644 1089
1962647 1090
1962659 1091
1962785 1092
1963299 1093
196345 1094
1963483 1095
1963607 1096
1963944 1097
1964289 1098
1964308 1099
1964379 1100
1964408 1101
1964503 1102
1964563 1103
1964588 1104
1964608 1105
1964640 1106
1964695 1107
1964778 1108
1965492 1109
196580 1110
196683 1111
1966888 1112
196714 1113
1967470 1114
1967513 1115
1967524 1116
1967534 1117
1967542 1118
1967595 1119
1967667 1120
1968238 1121
1968346 1122
1968384 1123
196871 1124
1969558 1125
1969592 1126
1969758 1127
1969801 1128
197003 1129
1971355 1130
1971595 1131
197181 1132
1971811 1133
197196 1134
197241 1135
197283 1136
1973156 1137
1974466 1138
1974821 1139
1974907 1140
1975082 1141
1975219 1142
1976337 1143
1976434 1144
1976450 1145
197739 1146
1977764 1147
1977771 1148
1977925 1149
1978669 1150
1979859 1151
1980041 1152
1980304 1153
1980444 1154
1980572 1155
1981333 1156
1981610 1157
1983364 1158
1983747 1159
1984238 1160
1986338 1161
1986431 1162
198672 1163
1987119 1164
1987361 1165
198777 1166
1987968 1167
1989773 1168
1989999 1169
1990370 1170
199065 1171
1991053 1172
1991401 1173
1992065 1174
1992337 1175
1992670 1176
1993586 1177
1994225 1178
1994372 1179
199451 1180
1994619 1181
1994862 1182
199496 1183
1995330 1184
1996715 1185
199823 1186
1998494 1187
1998657 1188
1998968 1189
199940 1190
2000307 1191
20005 1192
200098 1193
2001244 1194
2002278 1195
2002456 1196
2003047 1197
2003255 1198
2003801 1199
2005303 1200
2005439 1201
200596 1202
200612 1203
2006470 1204
200750 1205
200785 1206
2008389 1207
2008937 1208
2009239 1209
2009552 1210
201006 1211
2010061 1212
2010440 1213
2010736 1214
2010929 1215
201116 1216
201230 1217
201235 1218
201420 1219
201622 1220
201846 1221
201900 1222
202127 1223
202566 1224
202572 1225
202621 1226
202918 1227
203135 1228
203254 1229
203291 1230
203387 1231
203507 1232
203569 1233
203661 1234
2037091 1235
203719 1236
203776 1237
203857 1238
203861 1239
203922 1240
203957 1241
204161 1242
204302 1243
20440 1244
20449 1245
204497 1246
204843 1247
204903 1248
205037 1249
205038 1250
205091 1251
205308 1252
205492 1253
205529 1254
205585 1255
205594 1256
205631 1257
205770 1258
205786 1259
205858 1260
206155 1261
2061645 1262
206167 1263
206278 1264
206439 1265
206830 1266
206853 1267
207161 1268
20719 1269
207307 1270
207434 1271
2074838 1272
207516 1273
207718 1274
20788 1275
208218 1276
208243 1277
208396 1278
208538 1279
208548 1280
208663 1281
209008 1282
20921 1283
209586 1284
209810 1285
209887 1286
209891 1287
210027 1288
210074 1289
21034 1290
210653 1291
2106933 1292
210784 1293
211066 1294
211087 1295
211145 1296
211272 1297
2112848 1298
2113254 1299
2113375 1300
211355 1301
211363 1302
2115385 1303
2116338 1304
2116557 1305
2116701 1306
2116754 1307
2117206 1308
2119383 1309
2119425 1310
2120235 1311
2121774 1312
2122603 1313
2122709 1314
212361 1315
212369 1316
212416 1317
212511 1318
212606 1319
2126335 1320
2126377 1321
2126887 1322
2127669 1323
2127748 1324
2127764 1325
2128013 1326
2128169 1327
212818 1328
2128481 1329
2128916 1330
2129229 1331
2129577 1332
2130077 1333
2130557 1334
2131411 1335
2131916 1336
2132220 1337
213372 1338
213388 1339
2133949 1340
2134311 1341
2134455 1342
2134617 1343
2136130 1344
2136730 1345
2136843 1346
2137248 1347
2137576 1348
2138277 1349
2138311 1350
213852 1351
2138570 1352
2139246 1353
2139428 1354
2139629 1355
2139885 1356
2141000 1357
2141405 1358
2141795 1359
2142075 1360
2143889 1361
214413 1362
2145259 1363
2145441 1364
2145839 1365
2146048 1366
2146525 1367
2146537 1368
2147107 1369
2148320 1370
2148380 1371
214965 1372
2150282 1373
2150854 1374
2150894 1375
2151836 1376
2152553 1377
2152659 1378
2152956 1379
2153759 1380
2153922 1381
2153973 1382
2154185 1383
2155229 1384
2156393 1385
2157007 1386
21572 1387
2157585 1388
2157606 1389
2157805 1390
2158139 1391
2158365 1392
2160297 1393
2160790 1394
2161272 1395
2161293 1396
2161342 1397
2162122 1398
216380 1399
2163915 1400
21646 1401
216500 1402
2166405 1403
2167557 1404
2167692 1405
216783 1406
2168045 1407
216870 1408
2169633 1409
2169922 1410
2170342 1411
2170660 1412
2171350 1413
2171610 1414
2172651 1415
2172984 1416
217338 1417
2173749 1418
2173786 1419
2173800 1420
2173858 1421
2174643 1422
2174727 1423
2174746 1424
2175531 1425
2175544 1426
2175897 1427
2176600 1428
2176857 1429
2177672 1430
2177756 1431
2177862 1432
2179112 1433
2179769 1434
2179909 1435
2180331 1436
2180875 1437
2180962 1438
2181230 1439
2181646 1440
2182074 1441
2182112 1442
218242 1443
2183505 1444
218367 1445
2184387 1446
2186346 1447
2187251 1448
2187379 1449
2187583 1450
218881 1451
2189019 1452
2189236 1453
2189528 1454
2189758 1455
2190074 1456
2190409 1457
2190493 1458
2190509 1459
219109 1460
2191814 1461
2191973 1462
2192345 1463
2192762 1464
219378 1465
2193950 1466
2194285 1467
219448 1468
2195462 1469
2196284 1470
2196562 1471
2197354 1472
219738 1473
2197499 1474
219762 1475
2197713 1476
2198892 1477
219949 1478
2200254 1479
2200782 1480
2200909 1481
2200914 1482
2202192 1483
2202721 1484
2202903 1485
2202915 1486
2203058 1487
220318 1488
2203361 1489
2203494 1490
2203705 1491
2203859 1492
2204038 1493
2204628 1494
2206349 1495
2207577 1496
2207679 1497
2208336 1498
2208713 1499
2208789 1500
2208845 1501
2209930 1502
2209972 1503
2210461 1504
2211138 1505
221249 1506
2212512 1507
221392 1508
2214460 1509
2215423 1510
2216472 1511
2216531 1512
2216680 1513
2216737 1514
2217370 1515
221766 1516
2219122 1517
2219197 1518
2219357 1519
2219509 1520
2219603 1521
2220756 1522
2220788 1523
2220874 1524
2221549 1525
2221850 1526
2221865 1527
2222034 1528
2223120 1529
2223166 1530
2224459 1531
2224547 1532
2224629 1533
2224738 1534
222502 1535
2225750 1536
2226485 1537
2228801 1538
2229387 1539
2229467 1540
2229526 1541
2230745 1542
2230960 1543
22312 1544
2233682 1545
2233822 1546
2233929 1547
2234297 1548
2234594 1549
2234654 1550
223517 1551
223531 1552
2236763 1553
2237278 1554
2237602 1555
2237712 1556
2238084 1557
2238090 1558
2238221 1559
2238309 1560
2238440 1561
223850 1562
224276 1563
2243459 1564
2243662 1565
2243684 1566
2245909 1567
2246328 1568
2246437 1569
224695 1570
2246980 1571
224806 1572
225004 1573
2250190 1574
2250814 1575
2251004 1576
2251437 1577
2252940 1578
2253621 1579
2254451 1580
2255544 1581
2256940 1582
225797 1583
2258518 1584
225931 1585
2259476 1586
2259503 1587
226076 1588
2261565 1589
2265283 1590
2265443 1591
2266540 1592
2268021 1593
2268424 1594
2268431 1595
2269434 1596
2270985 1597
227144 1598
2271711 1599
2272341 1600
2272350 1601
2272410 1602
227421 1603
2274498 1604
22753 1605
2275764 1606
2276987 1607
2277078 1608
2277651 1609
2278273 1610
2278435 1611
2278479 1612
227922 1613
228134 1614
228170 1615
2282848 1616
2282872 1617
2285086 1618
2285752 1619
2286102 1620
2286517 1621
2287205 1622
2287348 1623
2287708 1624
2288165 1625
228868 1626
2290127 1627
2291482 1628
229424 1629
229509 1630
229516 1631
2297578 1632
229758 1633
2298117 1634
229822 1635
2300555 1636
2300661 1637
2302298 1638
2302394 1639
2303020 1640
230439 1641
230557 1642
2306036 1643
2306277 1644
2306969 1645
230925 1646
230988 1647
231703 1648
232087 1649
232118 1650
232356 1651
232813 1652
232891 1653
233296 1654
233971 1655
234012 1656
234424 1657
234473 1658
234498 1659
234635 1660
234830 1661
234951 1662
235023 1663
235256 1664
235373 1665
235386 1666
235479 1667
235685 1668
235903 1669
236172 1670
23642 1671
236460 1672
237884 1673
238041 1674
23875 1675
239266 1676
239405 1677
239809 1678
239977 1679
240007 1680
240055 1681
24092 1682
241002 1683
241031 1684
241106 1685
241635 1686
24171 1687
241930 1688
242139 1689
242375 1690
242548 1691
242596 1692
243637 1693
244067 1694
244133 1695
24426 1696
245570 1697
24584 1698
246158 1699
246628 1700
246747 1701
247028 1702
247293 1703
247455 1704
247625 1705
247835 1706
247954 1707
247999 1708
248021 1709
248804 1710
248825 1711
248832 1712
249830 1713
250042 1714
250065 1715
250455 1716
250631 1717
250679 1718
250798 1719
250984 1720
251203 1721
251319 1722
251577 1723
251803 1724
251892 1725
252039 1726
252311 1727
252926 1728
253234 1729
253769 1730
254034 1731
254131 1732
254443 1733
254601 1734
25491 1735
254998 1736
255168 1737
25525 1738
255285 1739
255582 1740
255682 1741
255979 1742
256339 1743
256654 1744
256886 1745
25719 1746
257419 1747
257450 1748
257600 1749
258077 1750
258307 1751
258318 1752
258595 1753
258618 1754
258666 1755
258844 1756
259044 1757
25906 1758
259428 1759
259556 1760
259604 1761
259681 1762
260003 1763
260122 1764
260836 1765
261301 1766
261530 1767
26177 1768
261993 1769
262048 1770
262180 1771
262275 1772
262305 1773
262313 1774
262398 1775
26240 1776
262424 1777
262458 1778
262746 1779
26327 1780
263425 1781
263430 1782
263478 1783
263686 1784
263818 1785
26391 1786
264294 1787
26431 1788
264373 1789
265631 1790
265681 1791
266008 1792
266135 1793
266491 1794
267059 1795
26771 1796
267807 1797
268139 1798
268720 1799
268722 1800
268954 1801
269997 1802
270075 1803
270843 1804
270990 1805
27182 1806
271939 1807
272399 1808
272442 1809
272726 1810
272777 1811
272930 1812
272949 1813
27297 1814
272992 1815
273153 1816
273473 1817
273680 1818
273953 1819
274018 1820
274117 1821
274163 1822
274894 1823
275543 1824
276139 1825
276380 1826
277002 1827
277569 1828
277790 1829
277858 1830
277939 1831
277966 1832
278303 1833
278323 1834
278796 1835
278942 1836
278946 1837
279355 1838
280145 1839
280241 1840
280260 1841
280640 1842
281048 1843
281129 1844
282351 1845
282587 1846
282793 1847
282870 1848
282874 1849
282896 1850
282926 1851
283085 1852
283575 1853
283604 1854
283702 1855
283764 1856
283891 1857
284359 1858
28439 1859
285008 1860
285021 1861
285207 1862
285245 1863
28627 1864
286965 1865
286998 1866
287387 1867
28790 1868
288618 1869
288674 1870
288770 1871
289149 1872
28939 1873
289510 1874
289628 1875
289828 1876
290176 1877
290491 1878
290676 1879
290998 1880
291086 1881
291293 1882
291686 1883
291747 1884
291829 1885
291856 1886
293028 1887
293079 1888
29316 1889
293287 1890
293305 1891
293412 1892
293518 1893
293580 1894
293653 1895
293691 1896
293978 1897
294928 1898
295139 1899
295613 1900
296183 1901
29637 1902
296599 1903
296797 1904
297786 1905
297973 1906
29811 1907
298117 1908
298271 1909
29833 1910
298941 1911
298962 1912
3 1913
300726 1914
302058 1915
302131 1916
302244 1917
302544 1918
302851 1919
302884 1920
303118 1921
303150 1922
30323 1923
303592 1924
303794 1925
304715 1926
304973 1927
305466 1928
305800 1929
305849 1930
305978 1931
306060 1932
30667 1933
306743 1934
307371 1935
307400 1936
307649 1937
307673 1938
307919 1939
308243 1940
308981 1941
309655 1942
30984 1943
310240 1944
310265 1945
310567 1946
310889 1947
31230 1948
312886 1949
313057 1950
313751 1951
314173 1952
314384 1953
314400 1954
314577 1955
315061 1956
315557 1957
316094 1958
316622 1959
316741 1960
317434 1961
317608 1962
317927 1963
318329 1964
318480 1965
318739 1966
319408 1967
319413 1968
319810 1969
319832 1970
319845 1971
319935 1972
320965 1973
32098 1974
321310 1975
321802 1976
322192 1977
322680 1978
323187 1979
323223 1980
323495 1981
323861 1982
323990 1983
324666 1984
324712 1985
324946 1986
325190 1987
325276 1988
325306 1989
325472 1990
325857 1991
32685 1992
326985 1993
327402 1994
327703 1995
327795 1996
327864 1997
327949 1998
328158 1999
328603 2000
329217 2001
329732 2002
330029 2003
330251 2004
330253 2005
330604 2006
330671 2007
331183 2008
33167 2009
331938 2010
332165 2011
332196 2012
332576 2013
332585 2014
33260 2015
333428 2016
333607 2017
333646 2018
333648 2019
333652 2020
333835 2021
333861 2022
334092 2023
334278 2024
33454 2025
334540 2026
334545 2027
334552 2028
334739 2029
334938 2030
335090 2031
33617 2032
337006 2033
337164 2034
337442 2035
33768 2036
337858 2037
338108 2038
338480 2039
338901 2040
338921 2041
339054 2042
339222 2043
339325 2044
340777 2045
340846 2046
340901 2047
341024 2048
341233 2049
341589 2050
341818 2051
341839 2052
341894 2053
341959 2054
342017 2055
342871 2056
343092 2057
343376 2058
34360 2059
344026 2060
344283 2061
34448 2062
344610 2063
344666 2064
344709 2065
344736 2066
344842 2067
345575 2068
346136 2069
346317 2070
346349 2071
346748 2072
347256 2073
347382 2074
347762 2075
347865 2076
348007 2077
348140 2078
348199 2079
348464 2080
349078 2081
349124 2082
349956 2083
350083 2084
350321 2085
350388 2086
35046 2087
350967 2088
351351 2089
351450 2090
352167 2091
352202 2092
352260 2093
352720 2094
352817 2095
352852 2096
353121 2097
353345 2098
353391 2099
353521 2100
353570 2101
353885 2102
354510 2103
354741 2104
354760 2105
355072 2106
355679 2107
355954 2108
355986 2109
356046 2110
356449 2111
356559 2112
356866 2113
357093 2114
357394 2115
357405 2116
357508 2117
357636 2118
357894 2119
358052 2120
358134 2121
358287 2122
358585 2123
359224 2124
359395 2125
359437 2126
359485 2127
359593 2128
359740 2129
359779 2130
359939 2131
35996 2132
360199 2133
360237 2134
360608 2135
360778 2136
360792 2137
36082 2138
361225 2139
361313 2140
361541 2141
361654 2142
361656 2143
361696 2144
361776 2145
361859 2146
361996 2147
362019 2148
362155 2149
362178 2150
362327 2151
363367 2152
363389 2153
363399 2154
363963 2155
364110 2156
364673 2157
364690 2158
364755 2159
364795 2160
364852 2161
36549 2162
365551 2163
365628 2164
366079 2165
366192 2166
366412 2167
366592 2168
366736 2169
366870 2170
367107 2171
367182 2172
367276 2173
367518 2174
367772 2175
368705 2176
368978 2177
369087 2178
369150 2179
369205 2180
369266 2181
370309 2182
37033 2183
370372 2184
370655 2185
37092 2186
371068 2187
371226 2188
371562 2189
371871 2190
372109 2191
372276 2192
372584 2193
372924 2194
373324 2195
373546 2196
374271 2197
374311 2198
374455 2199
374534 2200
374607 2201
374619 2202
374627 2203
374675 2204
374780 2205
374981 2206
374987 2207
375032 2208
375051 2209
375112 2210
375889 2211
37606 2212
376291 2213
376760 2214
376785 2215
376962 2216
377081 2217
377703 2218
378040 2219
378319 2220
378739 2221
379274 2222
379341 2223
379367 2224
379590 2225
379622 2226
380782 2227
380870 2228
380938 2229
381382 2230
381481 2231
381863 2232
381996 2233
382071 2234
382127 2235
382241 2236
383296 2237
383412 2238
384124 2239
384330 2240
384642 2241
384744 2242
384954 2243
385071 2244
385101 2245
385503 2246
385760 2247
385977 2248
386185 2249
386467 2250
386638 2251
38697 2252
386978 2253
387598 2254
3881 2255
388166 2256
388315 2257
388645 2258
388684 2259
389505 2260
389860 2261
389895 2262
390590 2263
390678 2264
391005 2265
391324 2266
391962 2267
392184 2268
392220 2269
392460 2270
392620 2271
392704 2272
393464 2273
39369 2274
394106 2275
394239 2276
39429 2277
394386 2278
395099 2279
395499 2280
39577 2281
396533 2282
396564 2283
39717 2284
397704 2285
397823 2286
398679 2287
398831 2288
398946 2289
399156 2290
399167 2291
399329 2292
399624 2293
39970 2294
400070 2295
400448 2296
40050 2297
400648 2298
400703 2299
400834 2300
400844 2301
400849 2302
400910 2303
40122 2304
401336 2305
401457 2306
401775 2307
402216 2308
402707 2309
402949 2310
403123 2311
403249 2312
403300 2313
403714 2314
403726 2315
403763 2316
403790 2317
404060 2318
404144 2319
404188 2320
404231 2321
404253 2322
404487 2323
404502 2324
404878 2325
405313 2326
405522 2327
405576 2328
405992 2329
406043 2330
406417 2331
406611 2332
406719 2333
406837 2334
407378 2335
407610 2336
407931 2337
408237 2338
408326 2339
408381 2340
408467 2341
408587 2342
408589 2343
408684 2344
408724 2345
408864 2346
409584 2347
409684 2348
409847 2349
409978 2350
410442 2351
411117 2352
411206 2353
411349 2354
411955 2355
41200 2356
412176 2357
412338 2358
412717 2359
412748 2360
41295 2361
413874 2362
414062 2363
414074 2364
414095 2365
414519 2366
414608 2367
415431 2368
415557 2369
415588 2370
416045 2371
416088 2372
416107 2373
416819 2374
417038 2375
417059 2376
41742 2377
417474 2378
417531 2379
417592 2380
417786 2381
417940 2382
418149 2383
418406 2384
418485 2385
418486 2386
418543 2387
418585 2388
418730 2389
418740 2390
419058 2391
419360 2392
419440 2393
419575 2394
421159 2395
421299 2396
42236 2397
423060 2398
423153 2399
423252 2400
423486 2401
423760 2402
423929 2403
424227 2404
424277 2405
424278 2406
424400 2407
424560 2408
425123 2409
425212 2410
425305 2411
425486 2412
425668 2413
425691 2414
425699 2415
425951 2416
426334 2417
426927 2418
426998 2419
427313 2420
427448 2421
42766 2422
427674 2423
427891 2424
428045 2425
428235 2426
428337 2427
428854 2428
428998 2429
429061 2430
429236 2431
429282 2432
429565 2433
430191 2434
430551 2435
430567 2436
43079 2437
430913 2438
43185 2439
432290 2440
432328 2441
432363 2442
432535 2443
432949 2444
433527 2445
434084 2446
434191 2447
434676 2448
43599 2449
436481 2450
43676 2451
436924 2452
437321 2453
43791 2454
438014 2455
438758 2456
439284 2457
439459 2458
440161 2459
440546 2460
440597 2461
44118 2462
441599 2463
441691 2464
442765 2465
442809 2466
442972 2467
443342 2468
443389 2469
443548 2470
444078 2471
445097 2472
445876 2473
445894 2474
446782 2475
446784 2476
446913 2477
447192 2478
447420 2479
447621 2480
448083 2481
448169 2482
448897 2483
449421 2484
449624 2485
449779 2486
449917 2487
45013 2488
450345 2489
450440 2490
451013 2491
451136 2492
451569 2493
451760 2494
451936 2495
452273 2496
452490 2497
45268 2498
453114 2499
453299 2500
453527 2501
453602 2502
454155 2503
454423 2504
454500 2505
454528 2506
454561 2507
45477 2508
454971 2509
455066 2510
45551 2511
455717 2512
455720 2513
456278 2514
456605 2515
456852 2516
457497 2517
457736 2518
457917 2519
458149 2520
459513 2521
459745 2522
459957 2523
460216 2524
460239 2525
461304 2526
46161 2527
461857 2528
462192 2529
462706 2530
463093 2531
463934 2532
464395 2533
464440 2534
464872 2535
465071 2536
465121 2537
46513 2538
465841 2539
465962 2540
466181 2541
466192 2542
466373 2543
466498 2544
466641 2545
467048 2546
467101 2547
467214 2548
46723 2549
467510 2550
468762 2551
469488 2552
469596 2553
469665 2554
469921 2555
470087 2556
470422 2557
470526 2558
470587 2559
471005 2560
471008 2561
471127 2562
471171 2563
471534 2564
471644 2565
471737 2566
472004 2567
47207 2568
472132 2569
472548 2570
472637 2571
472986 2572
473152 2573
473276 2574
473812 2575
473894 2576
474298 2577
474312 2578
474333 2579
47434 2580
474468 2581
474587 2582
474610 2583
474623 2584
474972 2585
474991 2586
475384 2587
475401 2588
475467 2589
475551 2590
475664 2591
475771 2592
476007 2593
477266 2594
478185 2595
478527 2596
478636 2597
478783 2598
479158 2599
47928 2600
479785 2601
47982 2602
479843 2603
480332 2604
480471 2605
480664 2606
480745 2607
481199 2608
481279 2609
481480 2610
481514 2611
481569 2612
48172 2613
481866 2614
481940 2615
48254 2616
482844 2617
482952 2618
483325 2619
483859 2620
484082 2621
485583 2622
486312 2623
486582 2624
486778 2625
48685 2626
487845 2627
487921 2628
488448 2629
488455 2630
488888 2631
488908 2632
489052 2633
489062 2634
489267 2635
489367 2636
490764 2637
490913 2638
490971 2639
491053 2640
491316 2641
491345 2642
491514 2643
491712 2644
491787 2645
491987 2646
492762 2647
492874 2648
492933 2649
49312 2650
493634 2651
493637 2652
493751 2653
493774 2654
493992 2655
49411 2656
494262 2657
494443 2658
494626 2659
494680 2660
494753 2661
494939 2662
494974 2663
495090 2664
495308 2665
495397 2666
495403 2667
495414 2668
495481 2669
495522 2670
495559 2671
495633 2672
49578 2673
496215 2674
496232 2675
496268 2676
496756 2677
496870 2678
496926 2679
496955 2680
497080 2681
497097 2682
49734 2683
49792 2684
498111 2685
498114 2686
498118 2687
498225 2688
498372 2689
498383 2690
49900 2691
499223 2692
499336 2693
499361 2694
49941 2695
49953 2696
499783 2697
50019 2698
500204 2699
50027 2700
500472 2701
50054 2702
500994 2703
501277 2704
501297 2705
501370 2706
501537 2707
502051 2708
502094 2709
502176 2710
502228 2711
50249 2712
502823 2713
502926 2714
503242 2715
503480 2716
504680 2717
505035 2718
505040 2719
505586 2720
50576 2721
505760 2722
507234 2723
507472 2724
507627 2725
507807 2726
507808 2727
507908 2728
507963 2729
508027 2730
508044 2731
508431 2732
508585 2733
508856 2734
510224 2735
510237 2736
510739 2737
510867 2738
511246 2739
511546 2740
511590 2741
511626 2742
511812 2743
512078 2744
512387 2745
512409 2746
512499 2747
513641 2748
513711 2749
513915 2750
514217 2751
514379 2752
514441 2753
514759 2754
514786 2755
515346 2756
51549 2757
515494 2758
515668 2759
516375 2760
517253 2761
517267 2762
51737 2763
517612 2764
517845 2765
518082 2766
518440 2767
518524 2768
518554 2769
519058 2770
5196 2771
51975 2772
520050 2773
520344 2774
520417 2775
520716 2776
520746 2777
520891 2778
521004 2779
521448 2780
521661 2781
521673 2782
521876 2783
522248 2784
522569 2785
522998 2786
523003 2787
523089 2788
523564 2789
523998 2790
524257 2791
524436 2792
524616 2793
524655 2794
52467 2795
525108 2796
525321 2797
526055 2798
526387 2799
526534 2800
526996 2801
527068 2802
52724 2803
527241 2804
527331 2805
528138 2806
528650 2807
52878 2808
528783 2809
529007 2810
529034 2811
529075 2812
529106 2813
52941 2814
529495 2815
529582 2816
529643 2817
529699 2818
529882 2819
530605 2820
530860 2821
530924 2822
53101 2823
531105 2824
53112 2825
531352 2826
532077 2827
532228 2828
532378 2829
532464 2830
532468 2831
532476 2832
53278 2833
533383 2834
533412 2835
533667 2836
533924 2837
534316 2838
534358 2839
534593 2840
534749 2841
534752 2842
535100 2843
535822 2844
535879 2845
536140 2846
536521 2847
536802 2848
536899 2849
536929 2850
536933 2851
537380 2852
53805 2853
538156 2854
538919 2855
539057 2856
539340 2857
539439 2858
539847 2859
540527 2860
54083 2861
541051 2862
541235 2863
542533 2864
542633 2865
54288 2866
543257 2867
543529 2868
543605 2869
54361 2870
543720 2871
54393 2872
544075 2873
544123 2874
54478 2875
544896 2876
545386 2877
54581 2878
546283 2879
546309 2880
546352 2881
547030 2882
547094 2883
547223 2884
547337 2885
547691 2886
547739 2887
547819 2888
548007 2889
548162 2890
548585 2891
548620 2892
549055 2893
549118 2894
549789 2895
55033 2896
550541 2897
550998 2898
552150 2899
552375 2900
552477 2901
552671 2902
552801 2903
552807 2904
552861 2905
552931 2906
552965 2907
553250 2908
553761 2909
553913 2910
554770 2911
554887 2912
55502 2913
555080 2914
555175 2915
555824 2916
555893 2917
555959 2918
555994 2919
556216 2920
556343 2921
556619 2922
556786 2923
557255 2924
557533 2925
558455 2926
558673 2927
559214 2928
559726 2929
559948 2930
560189 2931
560302 2932
560706 2933
560830 2934
561172 2935
561210 2936
561321 2937
561340 2938
56169 2939
561857 2940
562091 2941
562237 2942
562443 2943
562537 2944
56261 2945
562885 2946
562999 2947
56300 2948
563075 2949
563261 2950
56375 2951
563879 2952
564011 2953
564869 2954
565018 2955
565044 2956
565255 2957
565487 2958
565675 2959
566430 2960
566819 2961
566883 2962
566988 2963
567209 2964
568056 2965
568263 2966
568376 2967
568398 2968
568581 2969
568984 2970
569100 2971
57128 2972
571339 2973
571610 2974
571625 2975
571741 2976
571768 2977
572508 2978
572752 2979
57276 2980
572775 2981
572874 2982
57308 2983
573616 2984
573674 2985
573678 2986
574195 2987
574971 2988
575140 2989
575437 2990
57554 2991
575779 2992
575938 2993
577369 2994
578058 2995
578796 2996
578907 2997
57954 2998
580187 2999
580556 3000
580679 3001
5808037 3002
5808399 3003
5808489 3004
580854 3005
580879 3006
5808931 3007
5809286 3008
5809747 3009
581232 3010
5812956 3011
5813306 3012
5813844 3013
5813995 3014
581498 3015
5815015 3016
581520 3017
5815304 3018
5817938 3019
5818708 3020
5819034 3021
5819100 3022
5819882 3023
5821627 3024
582260 3025
582273 3026
5822827 3027
5824439 3028
5825178 3029
582529 3030
5825930 3031
5826240 3032
5829180 3033
5829910 3034
5830745 3035
5831606 3036
5832657 3037
5834082 3038
5834185 3039
5834699 3040
5834738 3041
5834907 3042
5835716 3043
583621 3044
5837529 3045
5838717 3046
5839396 3047
5840656 3048
5840770 3049
5842178 3050
5843481 3051
5844435 3052
5844928 3053
5845518 3054
5845941 3055
5846424 3056
5846541 3057
5848733 3058
5849418 3059
585057 3060
585101 3061
5851158 3062
5852632 3063
5853213 3064
5853347 3065
5853414 3066
5854381 3067
5855057 3068
5855569 3069
585562 3070
5855732 3071
5856217 3072
5858239 3073
5859155 3074
5859402 3075
5859694 3076
5861501 3077
5862767 3078
5864095 3079
5864515 3080
586479 3081
5864872 3082
5865006 3083
586547 3084
5866926 3085
5866940 3086
5867997 3087
5868430 3088
5869763 3089
5870611 3090
5870815 3091
5871481 3092
58722 3093
5872491 3094
587283 3095
5872927 3096
5873024 3097
5873049 3098
5873592 3099
587388 3100
5874019 3101
5874559 3102
5875169 3103
5875914 3104
5876688 3105
5876958 3106
5877097 3107
5878063 3108
5879844 3109
588059 3110
588269 3111
5883016 3112
5884058 3113
5885286 3114
5885950 3115
588596 3116
5886332 3117
588703 3118
5888454 3119
5889297 3120
5890290 3121
5890727 3122
5891097 3123
5892322 3124
5893132 3125
589448 3126
5895167 3127
5896839 3128
589749 3129
589757 3130
589765 3131
5897700 3132
5899877 3133
5900047 3134
5900129 3135
5900781 3136
5900879 3137
5900941 3138
5901599 3139
5901869 3140
5902184 3141
5903137 3142
5904182 3143
5905035 3144
5907990 3145
5910530 3146
5911882 3147
5911960 3148
591257 3149
591380 3150
591395 3151
5914140 3152
5914716 3153
591843 3154
5919293 3155
591950 3156
5919586 3157
591969 3158
5920341 3159
5920471 3160
5921512 3161
5922003 3162
5922258 3163
5922726 3164
5923154 3165
5924150 3166
5925169 3167
5925199 3168
5926588 3169
5926606 3170
592721 3171
592847 3172
592850 3173
5930257 3174
5930655 3175
5931493 3176
5931966 3177
5934674 3178
5935883 3179
593603 3180
5936611 3181
5936792 3182
5936799 3183
5936815 3184
5937064 3185
5937990 3186
5938025 3187
593986 3188
5940332 3189
5941441 3190
5942510 3191
5942992 3192
5943266 3193
5944717 3194
594481 3195
594565 3196
5946315 3197
5946399 3198
5947599 3199
5948566 3200
594965 3201
5950105 3202
5950742 3203
595110 3204
5951285 3205
5951402 3206
5951994 3207
5954316 3208
5955323 3209
5957205 3210
5958761 3211
59605 3212
5960820 3213
5963418 3214
596539 3215
596569 3216
59660 3217
596625 3218
5967214 3219
5967420 3220
5970157 3221
5970344 3222
5970498 3223
5971352 3224
5972145 3225
5972669 3226
5972845 3227
5973136 3228
5973835 3229
5974642 3230
5975044 3231
5975453 3232
5975860 3233
5976075 3234
5977845 3235
5978204 3236
5978452 3237
5979028 3238
5979947 3239
5981651 3240
598270 3241
598343 3242
5984211 3243
598564 3244
5986543 3245
5986748 3246
598717 3247
5988601 3248
5988931 3249
5989480 3250
5990958 3251
5991235 3252
5991299 3253
5991469 3254
5991957 3255
5992369 3256
59925 3257
5993515 3258
5993981 3259
5997267 3260
5998026 3261
5998193 3262
5999683 3263
6001810 3264
600252 3265
600343 3266
600351 3267
6003932 3268
6004286 3269
6004662 3270
6005757 3271
6007440 3272
6007514 3273
6008707 3274
6009327 3275
6009700 3276
601054 3277
6010746 3278
601145 3279
6011781 3280
6013401 3281
6014148 3282
6014562 3283
6015204 3284
6015850 3285
6018506 3286
6018899 3287
6019727 3288
6020344 3289
602103 3290
602110 3291
602188 3292
6021886 3293
6022285 3294
6023273 3295
60234 3296
602393 3297
603060 3298
6030761 3299
6033015 3300
6034332 3301
6036139 3302
6038295 3303
6038933 3304
6040789 3305
6040972 3306
6042133 3307
6047840 3308
6048037 3309
6048340 3310
6049259 3311
6049538 3312
6049998 3313
6050956 3314
6051246 3315
605242 3316
6053059 3317
605480 3318
605548 3319
6058920 3320
6059003 3321
6059369 3322
6060146 3323
6060853 3324
6060862 3325
6062327 3326
6063404 3327
6064100 3328
6065836 3329
6066436 3330
606820 3331
606874 3332
6068745 3333
606897 3334
6069718 3335
607058 3336
607390 3337
607403 3338
6074136 3339
6074570 3340
6075753 3341
6078692 3342
6079933 3343
6080080 3344
6080954 3345
6081045 3346
6081085 3347
6081276 3348
6082328 3349
6082486 3350
608296 3351
608406 3352
6087091 3353
6087802 3354
6088037 3355
6088213 3356
6090452 3357
6091974 3358
6092441 3359
6092753 3360
609342 3361
6093739 3362
609520 3363
6095865 3364
6096273 3365
6098695 3366
6099211 3367
610116 3368
6101592 3369
6101847 3370
610266 3371
6102675 3372
6104876 3373
610658 3374
6107772 3375
6108274 3376
6109592 3377
6109713 3378
610974 3379
611100 3380
611146 3381
6112877 3382
6113255 3383
611343 3384
6113771 3385
611531 3386
6115415 3387
611884 3388
6120303 3389
612268 3390
6124466 3391
6124524 3392
6125261 3393
6126606 3394
612719 3395
6127917 3396
612793 3397
6129266 3398
6129290 3399
6130912 3400
6134620 3401
6134709 3402
6134767 3403
6135378 3404
613653 3405
613728 3406
6138938 3407
614038 3408
614048 3409
614135 3410
614331 3411
614418 3412
6144268 3413
6145745 3414
6147832 3415
614832 3416
614907 3417
6149299 3418
6152773 3419
6153416 3420
615372 3421
6154475 3422
615450 3423
6154532 3424
61556 3425
615657 3426
6156915 3427
6157030 3428
615811 3429
6159372 3430
616052 3431
6160867 3432
616092 3433
616135 3434
6162095 3435
6162632 3436
6163557 3437
6163703 3438
6163876 3439
6167546 3440
616780 3441
6168683 3442
6172079 3443
617208 3444
6172376 3445
6173111 3446
6174081 3447
6175448 3448
6176178 3449
6176622 3450
617937 3451
6181894 3452
6181986 3453
6182482 3454
6182974 3455
618326 3456
6183562 3457
6184667 3458
6185598 3459
618645 3460
6186979 3461
6188993 3462
6189118 3463
618950 3464
6191479 3465
6193820 3466
6201081 3467
6202454 3468
620319 3469
6203582 3470
620365 3471
6203817 3472
620427 3473
620551 3474
6205811 3475
6205859 3476
6206822 3477
6209097 3478
6214967 3479
621507 3480
6215350 3481
6215466 3482
6215690 3483
621793 3484
6217947 3485
6219227 3486
6219405 3487
6219816 3488
6220489 3489
6223378 3490
6224152 3491
6225098 3492
622539 3493
6225448 3494
6225576 3495
6225681 3496
622832 3497
622867 3498
6230421 3499
623335 3500
62338 3501
623572 3502
6236238 3503
6236897 3504
6237378 3505
6237414 3506
6238477 3507
6239637 3508
624058 3509
6241101 3510
6241749 3511
6243761 3512
6243873 3513
624551 3514
624593 3515
624660 3516
624757 3517
624783 3518
6248544 3519
6248688 3520
6249984 3521
6254810 3522
625527 3523
6256456 3524
6257523 3525
6258550 3526
6260300 3527
626042 3528
626403 3529
626681 3530
626704 3531
6268539 3532
6271074 3533
627127 3534
627351 3535
627506 3536
6277010 3537
627767 3538
627860 3539
628094 3540
628122 3541
6283029 3542
628543 3543
6286083 3544
628752 3545
6289247 3546
6290012 3547
6290320 3548
6290835 3549
6291574 3550
6292441 3551
629519 3552
6295516 3553
6296152 3554
6297446 3555
6300087 3556
6300102 3557
630049 3558
6303362 3559
6304199 3560
6304663 3561
630553 3562
6306409 3563
6306921 3564
6307615 3565
6307810 3566
6308894 3567
6310308 3568
6311564 3569
6313052 3570
6314872 3571
6315668 3572
6316333 3573
632307 3574
632396 3575
6325101 3576
6325260 3577
6325617 3578
6326062 3579
632840 3580
6330049 3581
6330633 3582
6331036 3583
633112 3584
6331317 3585
6331872 3586
633193 3587
633271 3588
633495 3589
6338060 3590
6338774 3591
6339382 3592
6341555 3593
634372 3594
6345683 3595
634648 3596
6349085 3597
6352614 3598
6353071 3599
6354242 3600
635465 3601
635568 3602
635780 3603
63587 3604
6359118 3605
6359378 3606
6360442 3607
6362024 3608
6362491 3609
6362720 3610
6363354 3611
6365968 3612
636815 3613
6369511 3614
6371083 3615
637190 3616
6374150 3617
6375493 3618
637925 3619
6380448 3620
6380663 3621
6381529 3622
6385920 3623
6386945 3624
6388314 3625
638853 3626
638912 3627
6389131 3628
638959 3629
6389809 3630
639084 3631
6392782 3632
6395374 3633
6396626 3634
6398334 3635
640010 3636
6402774 3637
6408736 3638
640905 3639
6411445 3640
6412546 3641
6413027 3642
641449 3643
6415650 3644
6415997 3645
64161 3646
642031 3647
6420756 3648
642692 3649
6429864 3650
6430428 3651
643106 3652
643452 3653
6437028 3654
643719 3655
6439001 3656
6441092 3657
644206 3658
644629 3659
6446904 3660
6447234 3661
6447519 3662
6449115 3663
6453159 3664
6454154 3665
6454265 3666
645558 3667
6456596 3668
6457359 3669
645750 3670
6457839 3671
6458120 3672
645882 3673
645899 3674
6459617 3675
6459778 3676
645993 3677
6460473 3678
646306 3679
6464848 3680
6467600 3681
6470134 3682
6474874 3683
64749 3684
647512 3685
6480971 3686
6481071 3687
6481340 3688
649298 3689
649332 3690
6494835 3691
6496188 3692
6497497 3693
649842 3694
64999 3695
6503410 3696
650439 3697
650898 3698
6509434 3699
6511855 3700
6513080 3701
651363 3702
651502 3703
6515727 3704
651671 3705
6517148 3706
65204 3707
652225 3708
6523981 3709
652400 3710
652666 3711
6527638 3712
6529597 3713
653018 3714
6530606 3715
6531634 3716
6533088 3717
6534890 3718
6537030 3719
654064 3720
6541608 3721
654392 3722
654468 3723
6547178 3724
654753 3725
6551587 3726
655192 3727
655212 3728
655226 3729
6553225 3730
6553777 3731
655522 3732
6555466 3733
655740 3734
655760 3735
6560412 3736
6562011 3737
6563873 3738
6565257 3739
656535 3740
656818 3741
6570291 3742
657039 3743
6572359 3744
6573318 3745
6576927 3746
6577678 3747
6579242 3748
6579788 3749
658158 3750
6583223 3751
6584210 3752
658550 3753
6586764 3754
6587259 3755
6590338 3756
6590355 3757
659140 3758
6591561 3759
6592392 3760
659482 3761
659605 3762
659691 3763
6598789 3764
660005 3765
6600551 3766
660065 3767
6601399 3768
660425 3769
660434 3770
6604599 3771
66060 3772
6606153 3773
660910 3774
661020 3775
6610704 3776
661526 3777
6616991 3778
6617535 3779
661982 3780
661987 3781
662242 3782
662253 3783
6622779 3784
662708 3785
6628499 3786
663019 3787
663276 3788
6635224 3789
6637742 3790
6638100 3791
664005 3792
66409 3793
6642198 3794
664328 3795
66440 3796
6644003 3797
664498 3798
664568 3799
6647879 3800
6649582 3801
664994 3802
665056 3803
665617 3804
6660356 3805
6661221 3806
6662612 3807
6664798 3808
6666328 3809
6666487 3810
6666652 3811
666707 3812
6668251 3813
6670891 3814
667092 3815
667211 3816
6673714 3817
6674554 3818
6681931 3819
668212 3820
668331 3821
6686020 3822
669010 3823
670122 3824
670272 3825
6703601 3826
6703757 3827
670413 3828
670429 3829
6705142 3830
670531 3831
67054 3832
6710891 3833
671244 3834
6716099 3835
6716225 3836
671797 3837
6719041 3838
671978 3839
672818 3840
673183 3841
6732642 3842
673539 3843
67402 3844
6740878 3845
674123 3846
6742101 3847
6752592 3848
675733 3849
6758071 3850
6762156 3851
6764452 3852
6764700 3853
6765111 3854
6767224 3855
6767470 3856
67691 3857
677096 3858
6771212 3859
6771592 3860
678468 3861
678507 3862
678778 3863
6788125 3864
6790659 3865
6791094 3866
679204 3867
6795269 3868
679640 3869
67976 3870
6801505 3871
680528 3872
6807221 3873
680822 3874
680853 3875
68088 3876
680952 3877
6811068 3878
681424 3879
681706 3880
6817534 3881
682186 3882
6823478 3883
682386 3884
682400 3885
682684 3886
682726 3887
683049 3888
6834057 3889
683469 3890
684421 3891
684528 3892
6847943 3893
685093 3894
685231 3895
686101 3896
6862415 3897
6876167 3898
6878763 3899
687889 3900
687923 3901
68804 3902
688224 3903
6888377 3904
688914 3905
6889422 3906
689106 3907
6892385 3908
689273 3909
6894037 3910
6895165 3911
689548 3912
690167 3913
6903161 3914
6904329 3915
6905092 3916
690587 3917
6905964 3918
690719 3919
690960 3920
6910147 3921
6918825 3922
691913 3923
6919974 3924
6924500 3925
6927674 3926
6928942 3927
693025 3928
6934321 3929
693573 3930
6935731 3931
6940219 3932
6941259 3933
694368 3934
6944238 3935
694528 3936
694717 3937
695020 3938
695279 3939
6954768 3940
6958303 3941
696011 3942
696443 3943
696506 3944
6968441 3945
696958 3946
697135 3947
69741 3948
697629 3949
6977456 3950
697846 3951
698131 3952
698292 3953
698369 3954
6984707 3955
6985466 3956
698930 3957
6990302 3958
699207 3959
699531 3960
6998274 3961
7000253 3962
700175 3963
7002302 3964
700341 3965
7006706 3966
7007700 3967
7009490 3968
7012087 3969
7015271 3970
701697 3971
702109 3972
703005 3973
7030614 3974
7031841 3975
7033166 3976
7036754 3977
703855 3978
7040133 3979
704563 3980
704690 3981
70490 3982
7049589 3983
705188 3984
7053308 3985
7053702 3986
705664 3987
705733 3988
706131 3989
706186 3990
706669 3991
706835 3992
7070353 3993
707193 3994
708053 3995
708285 3996
708996 3997
709019 3998
709116 3999
709636 4000
709810 4001
710049 4002
710557 4003
710659 4004
710991 4005
7113919 4006
711513 4007
711626 4008
7119276 4009
7127259 4010
713230 4011
713411 4012
713672 4013
713876 4014
713989 4015
714202 4016
7142261 4017
714316 4018
7143397 4019
7144262 4020
714602 4021
714635 4022
7148411 4023
71595 4024
7164862 4025
7166433 4026
716935 4027
717080 4028
717609 4029
71816 4030
718675 4031
7188561 4032
719034 4033
7192018 4034
719210 4035
7192222 4036
719587 4037
71970 4038
719807 4039
7209296 4040
720954 4041
7210068 4042
7210235 4043
721080 4044
721375 4045
7216127 4046
7217625 4047
722078 4048
722274 4049
7224731 4050
7229266 4051
723215 4052
723339 4053
72372 4054
7241215 4055
724124 4056
7242221 4057
7244271 4058
7245781 4059
725620 4060
7257191 4061
72598 4062
7259953 4063
727505 4064
72763 4065
728255 4066
72831 4067
728553 4068
728672 4069
729010 4070
729118 4071
7297277 4072
729729 4073
730072 4074
7301094 4075
730254 4076
730358 4077
730368 4078
730482 4079
730571 4080
730935 4081
7309556 4082
7314207 4083
731437 4084
731810 4085
731991 4086
732108 4087
732279 4088
7323275 4089
732379 4090
732437 4091
7326222 4092
7330215 4093
733480 4094
7336788 4095
734093 4096
734566 4097
735197 4098
735304 4099
7354392 4100
7362353 4101
736563 4102
736679 4103
737242 4104
7380630 4105
7381610 4106
738320 4107
738526 4108
7386429 4109
738723 4110
738819 4111
738991 4112
739680 4113
7397660 4114
739882 4115
7399337 4116
7399965 4117
7400141 4118
7401106 4119
740306 4120
7403882 4121
7406195 4122
740675 4123
740703 4124
7411142 4125
741362 4126
741468 4127
741776 4128
7418524 4129
742002 4130
742352 4131
74275 4132
743102 4133
7431703 4134
743855 4135
743910 4136
744641 4137
744894 4138
745192 4139
745211 4140
745215 4141
745245 4142
7455147 4143
745515 4144
745783 4145
745807 4146
7458102 4147
7458818 4148
746097 4149
746198 4150
746282 4151
7471046 4152
747586 4153
7480008 4154
7481078 4155
748183 4156
7483269 4157
748466 4158
7485328 4159
7486780 4160
7489470 4161
748993 4162
7493869 4163
7495875 4164
750084 4165
75053 4166
750792 4167
750834 4168
750914 4169
7510003 4170
751129 4171
7512221 4172
7513437 4173
7513584 4174
751725 4175
752015 4176
7520362 4177
7521793 4178
7522808 4179
752521 4180
752650 4181
7530604 4182
753207 4183
753333 4184
753345 4185
7533794 4186
753432 4187
753472 4188
753493 4189
7536200 4190
7541022 4191
7543830 4192
754486 4193
754685 4194
755355 4195
7565173 4196
756724 4197
7568053 4198
7573174 4199
7573829 4200
757439 4201
757706 4202
758267 4203
759050 4204
759058 4205
7591594 4206
759949 4207
760031 4208
7606702 4209
760756 4210
760828 4211
7610709 4212
761156 4213
761377 4214
7615910 4215
761712 4216
761783 4217
7619503 4218
7631558 4219
763435 4220
7637096 4221
763904 4222
764145 4223
76522 4224
765666 4225
765845 4226
7659037 4227
765956 4228
766105 4229
766223 4230
766568 4231
766657 4232
7667316 4233
7669204 4234
7681951 4235
768614 4236
7688531 4237
769858 4238
7699562 4239
7700177 4240
7701397 4241
7702659 4242
770303 4243
7705941 4244
770687 4245
7708546 4246
770969 4247
770982 4248
7711966 4249
771305 4250
7717058 4251
7722013 4252
772659 4253
7733985 4254
773433 4255
77360 4256
773617 4257
773672 4258
77381 4259
7738856 4260
774031 4261
7745078 4262
7745724 4263
774774 4264
7748277 4265
77494 4266
775363 4267
7756711 4268
776102 4269
7766447 4270
7767490 4271
776759 4272
7769197 4273
7771244 4274
7773477 4275
7777081 4276
7778511 4277
7782000 4278
7784724 4279
7785424 4280
7794732 4281
779492 4282
7795211 4283
7796563 4284
77973 4285
780655 4286
7808406 4287
7810297 4288
781227 4289
781242 4290
781630 4291
7817541 4292
7831966 4293
7832044 4294
78346 4295
783520 4296
7841242 4297
7844726 4298
784509 4299
785021 4300
785599 4301
785666 4302
785668 4303
785912 4304
786439 4305
786503 4306
7865594 4307
7866163 4308
7871454 4309
7871644 4310
787420 4311
787745 4312
787916 4313
7882539 4314
7883018 4315
7885543 4316
789410 4317
789637 4318
789815 4319
790171 4320
7902280 4321
79028 4322
7905979 4323
7907166 4324
7907754 4325
790922 4326
791309 4327
791441 4328
79208 4329
7921851 4330
7925924 4331
7929090 4332
79362 4333
79406 4334
7941917 4335
7942256 4336
7942485 4337
7943271 4338
7946961 4339
7948167 4340
79524 4341
79569 4342
7958782 4343
7959551 4344
7961511 4345
7962040 4346
7969117 4347
79693 4348
7977515 4349
7983154 4350
7987626 4351
7989246 4352
7991098 4353
7993571 4354
7994904 4355
7996275 4356
7999056 4357
8000205 4358
8000214 4359
8000224 4360
8000238 4361
8005522 4362
8005532 4363
8005547 4364
8005571 4365
8005582 4366
8008038 4367
8008039 4368
8008046 4369
8008052 4370
8008057 4371
8008065 4372
8008072 4373
8008082 4374
8008087 4375
8008098 4376
8008108 4377
8008115 4378
8008121 4379
8008128 4380
8008138 4381
8008157 4382
8008159 4383
8008180 4384
8008183 4385
8008187 4386
8008190 4387
8008194 4388
8008195 4389
8008196 4390
8008202 4391
8008203 4392
8008206 4393
8008213 4394
8008214 4395
8008216 4396
8008218 4397
8008219 4398
8008226 4399
8008230 4400
8008231 4401
8008234 4402
8008236 4403
8008243 4404
8008272 4405
8008275 4406
8008281 4407
8008286 4408
8008289 4409
8008291 4410
8008297 4411
8008299 4412
8008308 4413
8008312 4414
8008315 4415
8008316 4416
8008318 4417
8008322 4418
8008325 4419
8008329 4420
8008330 4421
8008331 4422
8008367 4423
8008374 4424
8008379 4425
8008385 4426
8008388 4427
8008392 4428
8008396 4429
8008400 4430
8008409 4431
8008411 4432
8008414 4433
8008415 4434
8008416 4435
8008417 4436
8008418 4437
8008422 4438
8008423 4439
8008427 4440
8008430 4441
8008431 4442
8008432 4443
8008434 4444
8008439 4445
8008441 4446
8008442 4447
8008448 4448
8008450 4449
8008458 4450
8008463 4451
8008465 4452
8008470 4453
8008476 4454
8008478 4455
8008480 4456
8008484 4457
8008487 4458
8008492 4459
8008495 4460
8008498 4461
8008503 4462
8008510 4463
8008523 4464
8008527 4465
8008535 4466
8008536 4467
8008541 4468
8008545 4469
8008546 4470
8008548 4471
8008551 4472
8008552 4473
8008554 4474
8008556 4475
8008559 4476
8008562 4477
8008565 4478
8008566 4479
8008571 4480
8008572 4481
8008573 4482
8008578 4483
8008580 4484
8008582 4485
8008584 4486
8008593 4487
8008600 4488
8008622 4489
8008624 4490
8008630 4491
8008631 4492
8008633 4493
8008637 4494
8008640 4495
8008643 4496
8008644 4497
8008647 4498
8008648 4499
8008649 4500
8008654 4501
8008657 4502
8008759 4503
8008775 4504
8008778 4505
8008781 4506
8008790 4507
8008808 4508
8008820 4509
8008831 4510
8008834 4511
8008837 4512
8008842 4513
8008849 4514
8008886 4515
8008893 4516
8008898 4517
8008906 4518
8008912 4519
8008917 4520
8008920 4521
8008928 4522
8008939 4523
8008943 4524
8008946 4525
8008990 4526
8008994 4527
8009008 4528
8009016 4529
8009019 4530
8009031 4531
8009433 4532
8009882 4533
8009887 4534
8009888 4535
8009892 4536
8009898 4537
8009903 4538
8009904 4539
8009906 4540
8009909 4541
8009911 4542
8009914 4543
8009923 4544
8009925 4545
8009926 4546
8009928 4547
8009930 4548
8009931 4549
8009932 4550
8009937 4551
8009942 4552
8009944 4553
8009946 4554
8009948 4555
8009950 4556
8009954 4557
8009955 4558
8010006 4559
8010059 4560
8010065 4561
8010067 4562
8010073 4563
8010074 4564
8010077 4565
8010081 4566
8010088 4567
8010094 4568
8010096 4569
8010099 4570
8010602 4571
8013512 4572
8017722 4573
8019412 4574
8022850 4575
8029107 4576
8034508 4577
8034651 4578
8036567 4579
8038430 4580
8038440 4581
8038454 4582
8038458 4583
8038473 4584
8038476 4585
8038481 4586
8038588 4587
8038598 4588
8038628 4589
8038634 4590
8038639 4591
8038644 4592
8038646 4593
8038650 4594
8038660 4595
8038665 4596
8038757 4597
8038759 4598
8039120 4599
8039137 4600
8039170 4601
8040428 4602
8041796 4603
8046132 4604
8062687 4605
8063201 4606
8063288 4607
8065588 4608
8065798 4609
8068022 4610
8070917 4611
8073958 4612
8076642 4613
80955 4614
8119640 4615
81203 4616
81365 4617
81476 4618
81660 4619
81839 4620
81840 4621
8186404 4622
8186577 4623
8191199 4624
8195229 4625
8196980 4626
8197187 4627
8197574 4628
8200405 4629
8203695 4630
8204167 4631
8210231 4632
8216564 4633
8217397 4634
8218163 4635
8218358 4636
8221247 4637
8221695 4638
8222792 4639
8223453 4640
8223459 4641
8223508 4642
8223523 4643
8223536 4644
8223543 4645
8223547 4646
8223550 4647
8223551 4648
8223556 4649
8223558 4650
8223559 4651
8223560 4652
8223567 4653
8223570 4654
8223571 4655
8223575 4656
8223581 4657
8223586 4658
8223590 4659
8223592 4660
8223595 4661
8223597 4662
8223609 4663
8223610 4664
8223613 4665
8223615 4666
8223617 4667
8223626 4668
8223628 4669
8223629 4670
8223630 4671
8223707 4672
8223715 4673
8223911 4674
8223916 4675
8223926 4676
8223929 4677
8223936 4678
8223945 4679
8223947 4680
8223949 4681
8223950 4682
8223956 4683
8223957 4684
8224870 4685
8224877 4686
8224880 4687
8224882 4688
8224902 4689
8224905 4690
8224911 4691
8224935 4692
8224973 4693
8224976 4694
8224980 4695
8224985 4696
8224987 4697
8224990 4698
8224993 4699
8225000 4700
8225002 4701
8225088 4702
8225103 4703
8225106 4704
8225116 4705
8225117 4706
8225119 4707
8225122 4708
8225128 4709
8225138 4710
8225142 4711
8225148 4712
8225152 4713
8225154 4714
8225157 4715
8225160 4716
8225174 4717
8225177 4718
8225178 4719
8225179 4720
8225181 4721
8225186 4722
8225191 4723
8225192 4724
8225194 4725
8225197 4726
8225200 4727
8225202 4728
8225203 4729
8225206 4730
8225209 4731
8225211 4732
8225212 4733
8225213 4734
8225216 4735
8225220 4736
8225221 4737
8225226 4738
8225238 4739
8225243 4740
8225245 4741
8225248 4742
8225252 4743
8225255 4744
8225257 4745
8225264 4746
8225427 4747
8225433 4748
8225442 4749
8225445 4750
8225446 4751
8225448 4752
8225454 4753
8225461 4754
8225465 4755
8225468 4756
8225470 4757
8225479 4758
8225481 4759
8225495 4760
8225497 4761
8225500 4762
8225503 4763
8225505 4764
8225521 4765
8225528 4766
8225714 4767
8225717 4768
8225720 4769
8225723 4770
8225728 4771
8225733 4772
8225742 4773
8225745 4774
8225750 4775
8225753 4776
8225754 4777
8225756 4778
8225759 4779
8225760 4780
8225761 4781
8225765 4782
8225767 4783
8225772 4784
8226715 4785
8226716 4786
8226721 4787
8226722 4788
8226724 4789
8226725 4790
8226727 4791
8226728 4792
8226729 4793
8226731 4794
8226733 4795
8226737 4796
8226739 4797
8226741 4798
8226745 4799
8226747 4800
8226750 4801
8226751 4802
8226753 4803
8226756 4804
8226757 4805
8226759 4806
8226762 4807
8226764 4808
8226766 4809
8226769 4810
8226772 4811
8226777 4812
8226779 4813
8226783 4814
8226785 4815
8226787 4816
8226795 4817
8226805 4818
8226807 4819
8226808 4820
8226809 4821
8226810 4822
8226812 4823
8226814 4824
8226818 4825
8226820 4826
8226822 4827
8226824 4828
8226829 4829
8226833 4830
8226834 4831
8226837 4832
8226838 4833
8226841 4834
8226842 4835
8226844 4836
8226850 4837
8226854 4838
8226859 4839
8226861 4840
8226862 4841
8226863 4842
8226865 4843
8226869 4844
8226870 4845
8226873 4846
8226875 4847
8226878 4848
8226880 4849
8226936 4850
8226940 4851
8226946 4852
8226950 4853
8226952 4854
8226953 4855
8226959 4856
8226961 4857
8226963 4858
8226972 4859
8226984 4860
8226987 4861
8226990 4862
8226991 4863
8226997 4864
8227100 4865
8227103 4866
8227106 4867
8227108 4868
8227110 4869
8227113 4870
8227115 4871
8227120 4872
8227122 4873
8227123 4874
8227125 4875
8227128 4876
8227129 4877
8227131 4878
8227132 4879
8227133 4880
8227134 4881
8227137 4882
8227138 4883
8227141 4884
8227143 4885
8227145 4886
8227146 4887
8227149 4888
8227150 4889
8227152 4890
8227155 4891
8227158 4892
8227160 4893
8227161 4894
8227163 4895
8227165 4896
8227171 4897
8227175 4898
8227177 4899
8227179 4900
8227182 4901
8227183 4902
8227185 4903
8227189 4904
8227203 4905
8227205 4906
8227209 4907
8227212 4908
8227215 4909
8227218 4910
8227220 4911
8227223 4912
8227225 4913
8227227 4914
8227229 4915
8227232 4916
8227233 4917
8227234 4918
8227236 4919
8227238 4920
8227246 4921
8227247 4922
8227249 4923
8227252 4924
8227256 4925
8227258 4926
8227261 4927
8227265 4928
8227268 4929
8227271 4930
8227273 4931
8227276 4932
8227277 4933
8227279 4934
8227282 4935
8227284 4936
8227285 4937
8227288 4938
8227289 4939
8227291 4940
8227294 4941
8227295 4942
8227296 4943
8227300 4944
8227305 4945
8227306 4946
8227308 4947
8227311 4948
8227312 4949
8227316 4950
8227318 4951
8227319 4952
8227323 4953
8227326 4954
8227334 4955
8227357 4956
8227359 4957
8227363 4958
8227366 4959
8227371 4960
8227374 4961
8227378 4962
8227382 4963
8227383 4964
8227384 4965
8227387 4966
8227394 4967
8227398 4968
8227401 4969
8227480 4970
8227483 4971
8227487 4972
8227490 4973
8227493 4974
8227499 4975
8227501 4976
8227503 4977
8227508 4978
8227513 4979
8227520 4980
8227523 4981
8227536 4982
8227541 4983
8227545 4984
8227551 4985
8227555 4986
8227559 4987
8227565 4988
8227568 4989
8227582 4990
8227589 4991
8227597 4992
8227601 4993
8227604 4994
8227607 4995
8227612 4996
8227615 4997
8227621 4998
8227632 4999
8227634 5000
8227638 5001
8227643 5002
8227645 5003
8227647 5004
8227653 5005
8227657 5006
8227661 5007
8227664 5008
8227666 5009
8227668 5010
8227670 5011
8227682 5012
8227689 5013
8227691 5014
8227693 5015
8227698 5016
8227709 5017
8227711 5018
8227719 5019
8227722 5020
8227723 5021
8227725 5022
8227730 5023
8227732 5024
8227733 5025
8227737 5026
8227740 5027
8227741 5028
8227743 5029
8227745 5030
8227750 5031
8227755 5032
8227758 5033
8227769 5034
8227772 5035
8227774 5036
8227776 5037
8227778 5038
8227781 5039
8227783 5040
8227785 5041
8227787 5042
8227793 5043
8227796 5044
8227800 5045
8227802 5046
8227803 5047
8227806 5048
8227810 5049
8228214 5050
8228677 5051
8228679 5052
8228680 5053
8228681 5054
8228683 5055
8228685 5056
8228688 5057
8228689 5058
8228691 5059
8228694 5060
8228698 5061
8228700 5062
8228702 5063
8228705 5064
8228708 5065
8228709 5066
8228712 5067
8228716 5068
8228718 5069
8228719 5070
8228721 5071
8228724 5072
8228725 5073
8228727 5074
8228731 5075
8228734 5076
8228735 5077
8228736 5078
8228738 5079
8228742 5080
8228743 5081
8228745 5082
8228747 5083
8228748 5084
8228751 5085
8228753 5086
8228754 5087
8228756 5088
8228757 5089
8228760 5090
8228763 5091
8228765 5092
8228766 5093
8228769 5094
8228770 5095
8228787 5096
8228791 5097
8228792 5098
8228796 5099
8228800 5100
8228804 5101
8228807 5102
8228809 5103
8228813 5104
8228816 5105
8228818 5106
8228819 5107
8228821 5108
8228822 5109
8228825 5110
8228828 5111
8228830 5112
8228842 5113
8228843 5114
8228845 5115
8228848 5116
8228851 5117
8228852 5118
8228853 5119
8228855 5120
8228856 5121
8228858 5122
8228861 5123
8228862 5124
8228869 5125
8228870 5126
8228871 5127
8228874 5128
8228876 5129
8228877 5130
8228881 5131
8228883 5132
8228885 5133
8228889 5134
8228892 5135
8228893 5136
8228897 5137
8228903 5138
8228904 5139
8228905 5140
8228906 5141
8228908 5142
8228913 5143
8228916 5144
8228917 5145
8228919 5146
8228922 5147
8228924 5148
8228926 5149
8228930 5150
8228933 5151
8228937 5152
8228938 5153
8228940 5154
8228949 5155
8228951 5156
8228955 5157
8228956 5158
8228958 5159
8228961 5160
8228963 5161
8228964 5162
8228966 5163
8228967 5164
8228969 5165
8229943 5166
8229945 5167
8229949 5168
8229956 5169
8229960 5170
8229979 5171
8229984 5172
8250929 5173
8254339 5174
8254885 5175
8259937 5176
8268096 5177
8270765 5178
8274864 5179
8275467 5180
82762 5181
8277677 5182
8282338 5183
8289421 5184
8289950 5185
8290265 5186
8291987 5187
8295494 5188
8296677 5189
8300443 5190
8301137 5191
8301588 5192
8301759 5193
83060 5194
8314567 5195
83152 5196
8318421 5197
8324355 5198
8325556 5199
8327394 5200
8329712 5201
8331180 5202
8332780 5203
8332884 5204
8338912 5205
8346957 5206
8347657 5207
8354865 5208
8355810 5209
8356173 5210
8357090 5211
8357606 5212
8358080 5213
8359959 5214
8360225 5215
8362084 5216
8362853 5217
8363909 5218
8364332 5219
8365974 5220
8366191 5221
8369990 5222
8371424 5223
8377522 5224
8380644 5225
8385296 5226
8386487 5227
8387094 5228
8387129 5229
8387196 5230
8387342 5231
8389003 5232
8389300 5233
8389733 5234
8390638 5235
8390788 5236
8392220 5237
8395172 5238
8397418 5239
8397581 5240
8399666 5241
8400155 5242
84007 5243
8403774 5244
8405308 5245
8419178 5246
8424870 5247
8425239 5248
8425669 5249
8427069 5250
8427077 5251
8427091 5252
8427541 5253
84287 5254
8436064 5255
84363 5256
8437294 5257
8438806 5258
8440024 5259
8444645 5260
8446263 5261
8451954 5262
8452441 5263
8452709 5264
8458671 5265
8459534 5266
8460719 5267
84674 5268
8467742 5269
8469707 5270
8473848 5271
8474570 5272
8487710 5273
8491724 5274
8510094 5275
8511094 5276
8512317 5277
8512681 5278
8519764 5279
8522186 5280
8526571 5281
8526923 5282
8584975 5283
8592809 5284
8599885 5285
8601826 5286
86043 5287
86049 5288
8608962 5289
8617516 5290
8623443 5291
8623684 5292
8624626 5293
8634722 5294
8634865 5295
8637231 5296
8638159 5297
8643100 5298
8643489 5299
8649768 5300
8651142 5301
8655647 5302
8678539 5303
8679883 5304
8681803 5305
8686855 5306
8687492 5307
8687713 5308
86880 5309
86894 5310
8697760 5311
8698821 5312
8701737 5313
8701973 5314
8718599 5315
8724505 5316
8746142 5317
8748968 5318
8769285 5319
8781126 5320
8781436 5321
8781957 5322
8783498 5323
8787401 5324
8790000 5325
8797378 5326
88004 5327
8802087 5328
8805424 5329
8805909 5330
8808897 5331
8813332 5332
8825309 5333
8833233 5334
8843388 5335
8844354 5336
8848579 5337
8856100 5338
8867179 5339
8876050 5340
8876953 5341
8877558 5342
8878324 5343
88865 5344
8891350 5345
8894393 5346
89004 5347
8904828 5348
8908096 5349
8912994 5350
89378 5351
8941537 5352
8941901 5353
8943454 5354
8945782 5355
8961406 5356
8977357 5357
89867 5358
8996086 5359
8998465 5360
89988 5361
90055 5362
9012879 5363
9013262 5364
90244 5365
90250 5366
9026902 5367
9030228 5368
9041927 5369
9049006 5370
9053899 5371
9054385 5372
9068050 5373
9072939 5374
9079887 5375
9086577 5376
9098424 5377
9118742 5378
9130803 5379
91345 5380
9142174 5381
91441 5382
91478 5383
9151550 5384
9167311 5385
91702 5386
91713 5387
91719 5388
9177860 5389
9179877 5390
9197563 5391
9227391 5392
9228926 5393
9228974 5394
9231857 5395
9269899 5396
9278900 5397
9280111 5398
92835 5399
92891 5400
9294477 5401
9299724 5402
93030 5403
9308499 5404
93115 5405
9324600 5406
9329599 5407
93329 5408
9340480 5409
9341024 5410
93415 5411
9344260 5412
9358922 5413
93859 5414
9395226 5415
93977 5416
9437990 5417
9441942 5418
94711 5419
9489751 5420
9491854 5421
9501623 5422
9505838 5423
95070 5424
95352 5425
9539231 5426
9541848 5427
9564584 5428
95981 5429
96059 5430
9614151 5431
9623270 5432
9642005 5433
96422 5434
9688811 5435
9688815 5436
96912 5437
96985 5438
9702604 5439
97046 5440
9715416 5441
97293 5442
9752688 5443
97543 5444
9764502 5445
97739 5446
9794559 5447
98094 5448
9819329 5449
9868900 5450
98799 5451
99029 5452
99077 5453
99277 5454
9937646 5455
99558 5456
9956576 5457
99640 5458
99718 5459
9981292 5460
